Length of input Array is 20
Begin C code:
1.141, 1.197, 1.251, 1.300, 1.322, 1.321, 1.214, 1.194, 1.140, 1.100, 1.035, 0.948, 0.785, 0.580, 0.340, -0.005, -0.230, -0.445, -0.150, -0.080, 
Begin Assembly:
1.141, 1.197, 1.251, 1.300, 1.322, 1.321, 1.214, 1.194, 1.140, 1.100, 1.035, 0.948, 0.785, 0.580, 0.340, -0.005, -0.230, -0.445, -0.150, -0.080, 
Begin CMSIS:
-0.130, -0.188, 0.626, 0.898, 1.141, 1.197, 1.251, 1.300, 1.322, 1.321, 1.214, 1.194, 1.140, 1.100, 1.035, 0.948, 0.785, 0.580, 0.340, -0.005, 
Begin Subtraction:
C code output:
-0.141, -0.127, -0.101, -0.100, -0.072, -0.021, 0.144, 0.196, 0.010, 0.100, 0.115, 0.152, 0.265, 0.420, 0.460, 0.605, 0.630, 0.445, -0.150, -0.720, 
CMSIS code output:
-0.141, -0.127, -0.101, -0.100, -0.072, -0.021, 0.144, 0.196, 0.010, 0.100, 0.115, 0.152, 0.265, 0.420, 0.460, 0.605, 0.630, 0.445, -0.150, -0.720, 
Begin Sd Deviation:
C code output:0.31
CMSIS code output:0.32
Begin Correlation:
C code output: 0.000, 0.100, -0.241, -0.891, -0.289, 1.833, 4.498, 7.272, 9.918, 12.293, 14.388, 15.981, 15.138, 15.264, 16.024, 16.501, 16.993, 17.400, 17.387, 17.126, 17.342, 17.639, 18.054, 19.115, 19.311, 19.039, 18.382, 17.378, 16.265, 14.831, 13.155, 11.308, 9.523, 7.643, 6.076, 4.900, 4.078, 3.550, 3.313, 
CMSIS code output:
-0.080, -0.236, -0.697, -0.975, -1.043, -0.755, -0.198, 0.610, 1.652, 2.867, 4.296, 5.775, 7.343, 8.914, 10.595, 12.273, 13.958, 15.605, 17.167, 18.653, 18.768, 18.556, 17.535, 16.213, 14.612, 12.941, 11.181, 9.402, 7.914, 6.356, 4.854, 3.385, 2.001, 0.677, -0.285, -0.959, -1.360, -1.300, -0.912, 
